ISS (ZARYA)             
1 25544U 98067A   23218.88960648  .00002810  00000+0  57163-4 0  9991
2 25544  51.6425  77.3196 0000116  62.5421 117.9750 15.49994764409658
AEROCUBE 12B            
1 43557U 18046D   23218.45299973  .00770123  30543-3  11115-2 0  9996
2 43557  51.6141 283.4741 0011196   0.5423 359.5599 16.04629271283685
ISS DEB                 
1 47853U 98067RZ  23217.79331908  .00037465  00000+0  29695-3 0  9990
2 47853  51.6357  45.6985 0001119 118.6705 241.4405 15.70918073136600
CSS (TIANHE)            
1 48274U 21035A   23218.74418626  .00015039  00000+0  17943-3 0  9994
2 48274  41.4734 208.6479 0006778  97.5633 262.5976 15.60712281129739
ISS (NAUKA)             
1 49044U 21066A   23208.61713421  .00015820  00000+0  28372-3 0  9996
2 49044  51.6413 128.2059 0000549  66.5420 356.2728 15.50089259408066
FREGAT DEB              
1 49271U 11037PF  23218.12940715  .00004905  00000+0  16373-1 0  9998
2 49271  51.6260 164.1373 0917431 181.5446 178.2490 12.04878445 96924
CSS (WENTIAN)           
1 53239U 22085A   23208.56879338  .00018785  00000+0  22544-3 0  9991
2 53239  41.4743 270.5473 0007842   9.6907 350.4082 15.60421193128147
CSS (MENGTIAN)          
1 54216U 22143A   23208.56879338  .00018785  00000+0  22544-3 0  9992
2 54216  41.4743 270.5473 0007842   9.6907 350.4082 15.60421193128143
TIANZHOU-5              
1 54237U 22152A   23208.56879338  .00018785  00000+0  22544-3 0  9995
2 54237  41.4743 270.5473 0007842   9.6907 350.4082 15.60421193128146
SPORT                   
1 55129U 98067UW  23218.26239766  .00107566  00000+0  62353-3 0  9995
2 55129  51.6281  60.6880 0003307 271.3622  88.7000 15.77723475 34425
OPTIMAL-1               
1 55183U 98067VA  23218.80279324  .00445195  94463-4  92345-3 0  9997
2 55183  51.6342  50.0013 0007667 279.7078  80.3065 15.98519268 33338
ISS DEB (SPX-26 IPA FSE)
1 55448U 98067VB  23218.72046356  .00058556  00000+0  56847-3 0  9996
2 55448  51.6352  66.8214 0004990 281.2773  78.7662 15.65740365 29165
PROGRESS-MS 22          
1 55560U 23018A   23208.61713421  .00015820  00000+0  28372-3 0  9995
2 55560  51.6413 128.2059 0000549  66.5420 356.2728 15.50089259408066
SOYUZ-MS 23             
1 55688U 23024A   23208.61713421  .00015820  00000+0  28372-3 0  9993
2 55688  51.6413 128.2059 0000549  66.5420 356.2728 15.50089259408067
CREW DRAGON 6           
1 55740U 23027A   23208.61713421  .00015820  00000+0  28372-3 0  9995
2 55740  51.6413 128.2059 0000549  66.5420 356.2728 15.50089259408066
ARKSAT 1                
1 56311U 98067VC  23218.32843274  .00082008  00000+0  83774-3 0  9994
2 56311  51.6360  74.7016 0005286 248.8764 111.1666 15.64317254 16191
AURORASAT               
1 56312U 98067VD  23218.58550325  .00134525  00000+0  12096-2 0  9995
2 56312  51.6344  72.6597 0005963 243.3629 116.6757 15.67275644 16276
EX-ALTA-2               
1 56313U 98067VE  23218.64641327  .00101580  00000+0  10261-2 0  9993
2 56313  51.6338  73.0651 0005449 248.7771 111.2642 15.64506968 16268
LIGHTCUBE               
1 56314U 98067VF  23218.66578452  .00129426  00000+0  11968-2 0  9998
2 56314  51.6342  72.4432 0006922 234.9028 125.1320 15.66594801 16300
NEUDOSE                 
1 56315U 98067VG  23218.89100458  .00055069  00000+0  65557-3 0  9996
2 56315  51.6358  73.2024 0006323 246.3432 113.6898 15.60541050 16264
YUKONSAT                
1 56316U 98067VH  23218.32144092  .00069804  00000+0  76457-3 0  9990
2 56316  51.6351  75.3988 0006303 238.8123 121.2254 15.62599775 16205
ISS DEB                 
1 56434U 98067VJ  23218.34258577  .00055799  00000+0  70443-3 0  9994
2 56434  51.6377  77.0508 0005017 261.6283  98.4141 15.59000144 14732
TIANZHOU-6              
1 56446U 23063A   23208.56879338  .00018785  00000+0  22544-3 0  9991
2 56446  41.4743 270.5473 0007842   9.6907 350.4082 15.60421193128140
PROGRESS-MS 23          
1 56740U 23071A   23208.61713421  .00015820  00000+0  28372-3 0  9995
2 56740  51.6413 128.2059 0000549  66.5420 356.2728 15.50089259408067
AXIOM-2 DEB             
1 56751U 23070B   23218.94303142  .01291786  11340-2  11710-2 0  9995
2 56751  51.4185  58.6461 0010508  42.6181 317.5804 16.12047779 10762
SHENZHOU-16 (SZ-16)     
1 56761U 23077A   23208.56879338  .00018785  00000+0  22544-3 0  9996
2 56761  41.4743 270.5473 0007842   9.6907 350.4082 15.60421193128140
ISS DEB                 
1 57212U 98067VP  23218.69376932  .00029784  00000+0  48499-3 0  9994
2 57212  51.6394  77.8916 0004790 230.0598 129.9971 15.52377932  6561
1998-067VQ              
1 57312U 98067VQ  23218.69323296  .00056613  00000+0  88655-3 0  9999
2 57312  51.6394  77.8879 0001715 354.1442   5.9528 15.53172266  4866
1998-067VR              
1 57313U 98067VR  23218.63042289  .00047494  00000+0  75134-3 0  9999
2 57313  51.6395  78.2180 0001172  91.2069 268.9055 15.52967166  4865
1998-067VS              
1 57314U 98067VS  23218.87157533  .00079182  00000+0  11592-2 0  9991
2 57314  51.6383  76.8275 0001107 261.1585  98.9280 15.54880769  4890
1998-067VT              
1 57315U 98067VT  23217.79155435  .00051159  00000+0  80302-3 0  9991
2 57315  51.6389  82.3657 0002071 346.7786  13.3149 15.53150543  4734
MOONLIGHTER             
1 57316U 98067VU  23218.88085553  .00068470  00000+0  10326-2 0  9998
2 57316  51.6394  76.8898 0001295 272.9189  87.1654 15.54130127  4894
1998-067VV              
1 57317U 98067VV  23218.62083166  .00077069  00000+0  11619-2 0  9999
2 57317  51.6406  78.1565 0001806 324.2794  35.8075 15.54087734  4854
MAYA-5                  
1 57419U 98067VW  23218.32334179  .00055618  00000+0  88636-3 0  9992
2 57419  51.6387  79.9149 0004562 251.0694 108.9801 15.52685934  2817
MAYA-6                  
1 57420U 98067VX  23218.64491223  .00068639  00000+0  10887-2 0  9992
2 57420  51.6384  78.3124 0004738 251.4700 108.5775 15.52726884  2860
2023-110A               
1 57488U 23110A   23215.65015666  .00160216  19653-4  39052-3 0  9993
2 57488  51.6349  93.4730 0125016 163.5853 278.4345 15.83562888   258
